20782
11562
27895
24033
17661
25302
10616
25983
15301
1886
1632
2441
8394
3643
27330
22002
25845
15429
7068
15297
25964
24684
20829
5911
2370
2287
4037
687
24945
25246
13176
28103
17853
17834
6713
18979
23757
26482
13125
1267
13585
8111
22927
15762
3414
2867
27223
10676
20655
13256
12350
381
21221
9569
13359
13163
25743
225
3347
7331
3898
16272
18791
25836
12628
8263
16596
25802
2777
13055
21249
12630
9709
13435
2326
20898
12891
21667
14381
25884
1481
12570
16228
16773
13550
20961
27401
8360
15716
9621
908
2604
16470
6154
20081
12672
7203
7101
24713
12521
26194
22502
25451
25498
13516
26180
22533
14144
15973
26838
20145
12304
23297
12850
20210
1542
16317
20747
22859
11175
19520
13281
21101
3167
2779
